


Testing email-dnc.edges

Number of nodes in the Graph: 1891

Rank:1	Node number: 1669	Node PR: 30.685846624428414

Adjacent Nodes: 869 453 634 1825 1881 56 1550 713 1846 1956 928 203 1874 329 1987 1768 1277 1381 1510 691 1811 1287 1739 872 1586 895 1906 993 278 1323 702 1619 1839 1669 504 730 1876 1700 368 155 2027 1120 704 57 1672 920 220 486 383 1305 1749 1917 466 630 6 38 313 1440 1114 1187 410 712 171 1832 2005 1576 1770 1629 1554 1170 300 1507 1813 1189 2010 380 139 1368 898 247 2015 1004 199 790 465 750 321 73 1430 1394 1601 1330 1826 1878 1264 1160 868 330 1698 1338 1815 338 901 476 855 1356 26 803 768 676 1721 635 479 9 1564 597 1002 585 207 581 490 662 1620 126 1437 1235 1398 555 1747 1904 1018 212 1289 484 478 611 1071 1859 841 235 1951 886 1228 2006 1329 1459 1850 1455 114 1159 1730 269 76 1013 1447 1111 1370 527 646 1279 1232 674 248 1633 1310 813 537 377 846 1313 350 728 95 1118 1674 1588 791 1094 412 840 1192 981 1734 1713 794 146 845 659 1898 120 1783 89 113 1224 2019 1873 1349 544 1171 1132 416 1498 325 1139 255 985 776 851 1804 1031 1393 1332 1935 53 311 1296 1259 1822 352 1163 1905 30 552 991 1147 769 1281 1921 943 1083 7 477 1818 1916 413 2017 1142 966 1172 1806 1400 1568 
------------------------------------

Rank:2	Node number: 1874	Node PR: 26.477809422884203

Adjacent Nodes: 31 1874 1144 1278 412 257 943 841 1258 1998 329 1751 999 1963 453 585 1586 1547 1839 1669 203 1550 1987 1768 1465 1151 1522 511 411 833 1818 55 1440 350 829 1587 852 1974 1524 24 521 1625 1369 211 1120 312 1684 1927 535 1299 940 615 104 1566 1899 25 173 1833 217 84 1269 536 1062 513 28 284 1794 658 580 134 1829 1681 1501 853 603 832 1167 234 1792 551 229 539 1362 906 47 457 10 442 465 718 574 151 450 1200 1892 757 747 1894 1843 21 614 1323 1402 1523 385 90 1214 867 153 125 695 1581 303 945 345 96 1580 1559 419 177 1903 561 1361 711 1689 1680 1488 1742 469 565 1319 459 440 1767 1353 1309 1505 1776 1770 1020 698 1497 347 724 549 1387 1576 1662 379 668 579 119 1844 1087 973 1911 654 686 898 918 1102 1549 295 343 817 1336 362 860 2012 12 1670 931 1285 1133 816 339 1715 366 633 1149 1472 156 1848 2011 1180 1420 1645 1194 1469 158 963 71 1712 1510 690 410 1179 670 732 821 1430 187 1930 1494 735 163 975 1807 518 382 414 594 14 1962 1506 1878 1128 420 479 1988 1203 788 933 794 1592 1754 1925 1193 1565 863 1854 1467 1229 1347 210 1727 1906 1539 800 265 23 481 731 1731 1422 1688 1934 1468 376 1034 502 1808 526 1481 1131 188 75 887 896 1320 1493 922 960 337 586 1644 1984 437 1814 1096 1482 557 1256 197 1677 1080 1541 620 1153 1009 904 541 1067 1399 683 703 1869 1557 1976 462 13 1604 1570 1140 949 1499 888 876 1543 1276 720 725 251 881 1778 149 370 400 1408 672 692 77 2002 659 1015 1218 1268 1134 35 323 93 639 944 1487 629 1354 34 1090 694 1616 1286 
------------------------------------

Rank:3	Node number: 453	Node PR: 20.13465086396211

Adjacent Nodes: 359 895 869 1192 1076 56 1484 1880 1669 2027 1948 691 179 1277 1520 1918 1586 702 1813 713 1587 1576 630 329 583 178 1287 1792 1619 494 1881 330 1748 1550 1956 994 547 1541 938 292 142 1039 1480 1852 1267 1768 1987 278 1184 928 902 1503 97 760 1629 1195 488 412 1405 1876 1082 369 1780 849 195 948 734 155 998 991 153 1690 993 1258 1186 1831 1601 1337 1510 205 14 1874 
------------------------------------

Rank:4	Node number: 1706	Node PR: 12.162740622082971

Adjacent Nodes: 833 1258 1963 1998 999 1587 1792 411 852 203 511 1974 1987 104 732 620 1768 1454 350 375 521 361 1369 412 362 551 284 1353 539 1928 1290 1715 84 1008 585 1061 302 329 90 1770 1833 134 1926 465 829 1586 1245 1685 535 458 47 1761 457 229 15 1497 1930 
------------------------------------

Rank:5	Node number: 1287	Node PR: 8.722856938243867

Adjacent Nodes: 453 713 56 1669 121 1277 1919 423 2027 1619 278 869 895 1839 1536 1601 1550 224 155 691 702 667 105 1629 333 1876 728 730 630 857 1124 1287 995 542 1914 1393 431 1146 1091 1435 1209 2006 1693 774 1460 391 889 655 1272 989 118 1698 1653 1419 291 1705 1755 145 1169 870 476 1774 935 1709 1234 1527 1120 1085 279 1738 1906 1538 925 282 1125 1185 1861 990 616 508 1462 1668 1555 1863 914 1724 855 36 789 245 127 
------------------------------------

Rank:6	Node number: 1159	Node PR: 8.23875022102915

Adjacent Nodes: 179 702 1987 1852 869 2028 1748 713 1669 1277 691 760 1813 329 1741 1541 1629 1880 895 620 1381 155 278 934 1337 369 359 1076 1599 1768 1648 2027 279 991 1956 844 1201 1526 835 1675 1480 902 209 1586 14 1661 1874 993 777 1023 1520 807 1575 1443 1780 1105 1192 971 1022 1690 1405 468 249 102 1558 1978 1262 938 1267 1970 1910 1195 613 1831 488 1403 1287 1040 643 1070 1619 487 1881 175 1027 178 1781 200 313 1654 1386 397 630 1819 1968 1918 943 371 1044 1614 1929 426 1112 1274 292 892 19 1325 130 453 1039 1166 1123 923 97 1906 1937 147 459 1281 1127 1610 1587 660 1577 1770 1396 1786 1676 1179 1250 1186 1659 1550 1120 2018 1258 56 1012 1601 1955 506 1363 1632 340 826 571 1048 72 569 463 1340 1219 410 951 
------------------------------------

Rank:7	Node number: 895	Node PR: 8.171574390745919

Adjacent Nodes: 453 1956 1669 730 713 1906 1287 350 1798 869 329 1601 2027 956 421 155 1619 763 2 1876 373 1996 1748 435 1011 359 1238 209 1525 417 820 1550 132 1994 1192 702 1971 691 1763 590 1922 1544 1277 1097 483 1629 278 279 
------------------------------------

Rank:8	Node number: 246	Node PR: 7.898833620123806

Adjacent Nodes: 
------------------------------------

Rank:9	Node number: 1258	Node PR: 5.774233305699741

Adjacent Nodes: 1258 453 1874 1144 1998 1580 1792 1751 203 1987 1586 350 1768 1497 1833 1440 21 585 1899 999 1894 1369 829 945 345 1963 411 587 1323 1244 1839 1179 1080 1974 1268 1625 1844 1501 1587 852 1522 93 1102 1807 817 219 833 580 615 1858 1194 1278 511 329 1524 939 412 1292 1930 165 1843 419 1990 151 1557 362 153 1808 513 535 25 1309 732 658 312 1638 539 403 536 55 42 1203 1644 186 918 1049 210 
------------------------------------

Rank:10	Node number: 278	Node PR: 4.951767242735189

Adjacent Nodes: 453 1669 441 1629 898 702 470 98 1213 245 480 808 1838 1154 1601 1619 415 869 713 144 1317 1851 383 1178 162 560 1058 1762 900 33 
------------------------------------




Testing small_graph.edges

Number of nodes in the Graph: 5

Rank:1	Node number: 4	Node PR: 1.6513874563786115

Adjacent Nodes: 3 5 
------------------------------------

Rank:2	Node number: 5	Node PR: 1.5533779731190154

Adjacent Nodes: 4 
------------------------------------

Rank:3	Node number: 3	Node PR: 0.8518391971838797

Adjacent Nodes: 1 2 4 5 
------------------------------------

Rank:4	Node number: 2	Node PR: 0.6123792924126132

Adjacent Nodes: 5 
------------------------------------

Rank:5	Node number: 1	Node PR: 0.33101608090588

Adjacent Nodes: 2 
------------------------------------

